version https://git-lfs.github.com/spec/v1
oid sha256:98ad6cef89869a7896da289857499e7d055f27d4e341a84a9249d44a73e008fd
size 774870
